result(det3, determinant([[2, -1, 0], [-1, 2, -1], [0, -1, 2]], 4.0)).
why(
  result(det3, determinant([[2, -1, 0], [-1, 2, -1], [0, -1, 2]], 4.0)),
  proof(
    goal(result(det3, determinant([[2, -1, 0], [-1, 2, -1], [0, -1, 2]], 4.0))), by(rule("matrix.pl", clause(76))),
    bindings([binding("Case", det3), binding("Matrix", [[2, -1, 0], [-1, 2, -1], [0, -1, 2]]), binding("Det", 4.0)]),
    uses([
      proof(goal(case(det3, determinant, [[2, -1, 0], [-1, 2, -1], [0, -1, 2]])), by(fact("matrix.pl", clause(67)))),
      proof(goal(determinant([[2, -1, 0], [-1, 2, -1], [0, -1, 2]], 4.0)), by(builtin(determinant, 2)))
    ])
  )
).

result(inv3, matrix_inversion([[2, -1, 0], [-1, 2, -1], [0, -1, 2]], [[0.74999999999999978, 0.5, 0.25], [0.5, 1.0000000000000004, 0.50000000000000022], [0.25, 0.50000000000000022, 0.75000000000000011]])).
why(
  result(inv3, matrix_inversion([[2, -1, 0], [-1, 2, -1], [0, -1, 2]], [[0.74999999999999978, 0.5, 0.25], [0.5, 1.0000000000000004, 0.50000000000000022], [0.25, 0.50000000000000022, 0.75000000000000011]])),
  proof(
    goal(result(inv3, matrix_inversion([[2, -1, 0], [-1, 2, -1], [0, -1, 2]], [[0.74999999999999978, 0.5, 0.25], [0.5, 1.0000000000000004, 0.50000000000000022], [0.25, 0.50000000000000022, 0.75000000000000011]]))), by(rule("matrix.pl", clause(77))),
    bindings([binding("Case", inv3), binding("Matrix", [[2, -1, 0], [-1, 2, -1], [0, -1, 2]]), binding("Inverse", [[0.74999999999999978, 0.5, 0.25], [0.5, 1.0000000000000004, 0.50000000000000022], [0.25, 0.50000000000000022, 0.75000000000000011]])]),
    uses([
      proof(goal(case(inv3, matrix_inversion, [[2, -1, 0], [-1, 2, -1], [0, -1, 2]])), by(fact("matrix.pl", clause(68)))),
      proof(goal(matrix_inversion([[2, -1, 0], [-1, 2, -1], [0, -1, 2]], [[0.74999999999999978, 0.5, 0.25], [0.5, 1.0000000000000004, 0.50000000000000022], [0.25, 0.50000000000000022, 0.75000000000000011]])), by(builtin(matrix_inversion, 2)))
    ])
  )
).

result(inv4, matrix_inversion([[18, 22, 54, 42], [22, 70, 86, 62], [54, 86, 174, 134], [42, 62, 134, 106]], [[2.5156250000000067, 0.48437500000000011, -1.2968749999999987, 0.35937499999999561], [0.48437500000000011, 0.14062499999999961, -0.32812499999999822, 0.14062499999999797], [-1.2968749999999987, -0.32812499999999822, 1.0156249999999925, -0.57812499999999201], [0.35937499999999561, 0.14062499999999797, -0.57812499999999201, 0.51562499999999278]])).
why(
  result(inv4, matrix_inversion([[18, 22, 54, 42], [22, 70, 86, 62], [54, 86, 174, 134], [42, 62, 134, 106]], [[2.5156250000000067, 0.48437500000000011, -1.2968749999999987, 0.35937499999999561], [0.48437500000000011, 0.14062499999999961, -0.32812499999999822, 0.14062499999999797], [-1.2968749999999987, -0.32812499999999822, 1.0156249999999925, -0.57812499999999201], [0.35937499999999561, 0.14062499999999797, -0.57812499999999201, 0.51562499999999278]])),
  proof(
    goal(result(inv4, matrix_inversion([[18, 22, 54, 42], [22, 70, 86, 62], [54, 86, 174, 134], [42, 62, 134, 106]], [[2.5156250000000067, 0.48437500000000011, -1.2968749999999987, 0.35937499999999561], [0.48437500000000011, 0.14062499999999961, -0.32812499999999822, 0.14062499999999797], [-1.2968749999999987, -0.32812499999999822, 1.0156249999999925, -0.57812499999999201], [0.35937499999999561, 0.14062499999999797, -0.57812499999999201, 0.51562499999999278]]))), by(rule("matrix.pl", clause(77))),
    bindings([binding("Case", inv4), binding("Matrix", [[18, 22, 54, 42], [22, 70, 86, 62], [54, 86, 174, 134], [42, 62, 134, 106]]), binding("Inverse", [[2.5156250000000067, 0.48437500000000011, -1.2968749999999987, 0.35937499999999561], [0.48437500000000011, 0.14062499999999961, -0.32812499999999822, 0.14062499999999797], [-1.2968749999999987, -0.32812499999999822, 1.0156249999999925, -0.57812499999999201], [0.35937499999999561, 0.14062499999999797, -0.57812499999999201, 0.51562499999999278]])]),
    uses([
      proof(goal(case(inv4, matrix_inversion, [[18, 22, 54, 42], [22, 70, 86, 62], [54, 86, 174, 134], [42, 62, 134, 106]])), by(fact("matrix.pl", clause(69)))),
      proof(goal(matrix_inversion([[18, 22, 54, 42], [22, 70, 86, 62], [54, 86, 174, 134], [42, 62, 134, 106]], [[2.5156250000000067, 0.48437500000000011, -1.2968749999999987, 0.35937499999999561], [0.48437500000000011, 0.14062499999999961, -0.32812499999999822, 0.14062499999999797], [-1.2968749999999987, -0.32812499999999822, 1.0156249999999925, -0.57812499999999201], [0.35937499999999561, 0.14062499999999797, -0.57812499999999201, 0.51562499999999278]])), by(builtin(matrix_inversion, 2)))
    ])
  )
).

result(invtri3, matrix_inv_triang([[2, 0, 0], [-1, 2, 0], [0, -1, 2]], [[0.5, 0, 0], [0.25, 0.5, 0], [0.125, 0.25, 0.5]])).
why(
  result(invtri3, matrix_inv_triang([[2, 0, 0], [-1, 2, 0], [0, -1, 2]], [[0.5, 0, 0], [0.25, 0.5, 0], [0.125, 0.25, 0.5]])),
  proof(
    goal(result(invtri3, matrix_inv_triang([[2, 0, 0], [-1, 2, 0], [0, -1, 2]], [[0.5, 0, 0], [0.25, 0.5, 0], [0.125, 0.25, 0.5]]))), by(rule("matrix.pl", clause(78))),
    bindings([binding("Case", invtri3), binding("Matrix", [[2, 0, 0], [-1, 2, 0], [0, -1, 2]]), binding("Inverse", [[0.5, 0, 0], [0.25, 0.5, 0], [0.125, 0.25, 0.5]])]),
    uses([
      proof(goal(case(invtri3, matrix_inv_triang, [[2, 0, 0], [-1, 2, 0], [0, -1, 2]])), by(fact("matrix.pl", clause(70)))),
      proof(goal(matrix_inv_triang([[2, 0, 0], [-1, 2, 0], [0, -1, 2]], [[0.5, 0, 0], [0.25, 0.5, 0], [0.125, 0.25, 0.5]])), by(builtin(matrix_inv_triang, 2)))
    ])
  )
).

result(mul_small, matrix_multiply([[[1, 2], [3, 4], [5, 6]], [[1, 1, 1], [1, 1, 1]]], [[3, 3, 3], [7, 7, 7], [11, 11, 11]])).
why(
  result(mul_small, matrix_multiply([[[1, 2], [3, 4], [5, 6]], [[1, 1, 1], [1, 1, 1]]], [[3, 3, 3], [7, 7, 7], [11, 11, 11]])),
  proof(
    goal(result(mul_small, matrix_multiply([[[1, 2], [3, 4], [5, 6]], [[1, 1, 1], [1, 1, 1]]], [[3, 3, 3], [7, 7, 7], [11, 11, 11]]))), by(rule("matrix.pl", clause(79))),
    bindings([binding("Case", mul_small), binding("Inputs", [[[1, 2], [3, 4], [5, 6]], [[1, 1, 1], [1, 1, 1]]]), binding("Product", [[3, 3, 3], [7, 7, 7], [11, 11, 11]])]),
    uses([
      proof(goal(case(mul_small, matrix_multiply, [[[1, 2], [3, 4], [5, 6]], [[1, 1, 1], [1, 1, 1]]])), by(fact("matrix.pl", clause(71)))),
      proof(goal(matrix_multiply([[[1, 2], [3, 4], [5, 6]], [[1, 1, 1], [1, 1, 1]]], [[3, 3, 3], [7, 7, 7], [11, 11, 11]])), by(builtin(matrix_multiply, 2)))
    ])
  )
).

result(mul_identity_check, matrix_multiply([[[18, 22, 54, 42], [22, 70, 86, 62], [54, 86, 174, 134], [42, 62, 134, 106]], [[2.515624999999984, 0.4843749999999933, -1.296874999999973, 0.3593749999999767], [0.4843749999999933, 0.1406249999999978, -0.3281249999999918, 0.1406249999999936], [-1.296874999999973, -0.3281249999999918, 1.015624999999971, -0.5781249999999781], [0.3593749999999767, 0.1406249999999936, -0.5781249999999781, 0.5156249999999853]]], [[1.0000000000000497, 5.3290705182007514e-15, 1.7763568394002505e-14, 4.4408920985006262e-15], [5.6843418860808015e-14, 1.0000000000000089, 2.8421709430404007e-14, 1.0658141036401503e-14], [1.7053025658242404e-13, 1.7763568394002505e-14, 1.0000000000000426, 3.907985046680551e-14], [8.5265128291212022e-14, 3.5527136788005009e-15, 7.1054273576010019e-14, 0.99999999999999467]])).
why(
  result(mul_identity_check, matrix_multiply([[[18, 22, 54, 42], [22, 70, 86, 62], [54, 86, 174, 134], [42, 62, 134, 106]], [[2.515624999999984, 0.4843749999999933, -1.296874999999973, 0.3593749999999767], [0.4843749999999933, 0.1406249999999978, -0.3281249999999918, 0.1406249999999936], [-1.296874999999973, -0.3281249999999918, 1.015624999999971, -0.5781249999999781], [0.3593749999999767, 0.1406249999999936, -0.5781249999999781, 0.5156249999999853]]], [[1.0000000000000497, 5.3290705182007514e-15, 1.7763568394002505e-14, 4.4408920985006262e-15], [5.6843418860808015e-14, 1.0000000000000089, 2.8421709430404007e-14, 1.0658141036401503e-14], [1.7053025658242404e-13, 1.7763568394002505e-14, 1.0000000000000426, 3.907985046680551e-14], [8.5265128291212022e-14, 3.5527136788005009e-15, 7.1054273576010019e-14, 0.99999999999999467]])),
  proof(
    goal(result(mul_identity_check, matrix_multiply([[[18, 22, 54, 42], [22, 70, 86, 62], [54, 86, 174, 134], [42, 62, 134, 106]], [[2.515624999999984, 0.4843749999999933, -1.296874999999973, 0.3593749999999767], [0.4843749999999933, 0.1406249999999978, -0.3281249999999918, 0.1406249999999936], [-1.296874999999973, -0.3281249999999918, 1.015624999999971, -0.5781249999999781], [0.3593749999999767, 0.1406249999999936, -0.5781249999999781, 0.5156249999999853]]], [[1.0000000000000497, 5.3290705182007514e-15, 1.7763568394002505e-14, 4.4408920985006262e-15], [5.6843418860808015e-14, 1.0000000000000089, 2.8421709430404007e-14, 1.0658141036401503e-14], [1.7053025658242404e-13, 1.7763568394002505e-14, 1.0000000000000426, 3.907985046680551e-14], [8.5265128291212022e-14, 3.5527136788005009e-15, 7.1054273576010019e-14, 0.99999999999999467]]))), by(rule("matrix.pl", clause(79))),
    bindings([binding("Case", mul_identity_check), binding("Inputs", [[[18, 22, 54, 42], [22, 70, 86, 62], [54, 86, 174, 134], [42, 62, 134, 106]], [[2.515624999999984, 0.4843749999999933, -1.296874999999973, 0.3593749999999767], [0.4843749999999933, 0.1406249999999978, -0.3281249999999918, 0.1406249999999936], [-1.296874999999973, -0.3281249999999918, 1.015624999999971, -0.5781249999999781], [0.3593749999999767, 0.1406249999999936, -0.5781249999999781, 0.5156249999999853]]]), binding("Product", [[1.0000000000000497, 5.3290705182007514e-15, 1.7763568394002505e-14, 4.4408920985006262e-15], [5.6843418860808015e-14, 1.0000000000000089, 2.8421709430404007e-14, 1.0658141036401503e-14], [1.7053025658242404e-13, 1.7763568394002505e-14, 1.0000000000000426, 3.907985046680551e-14], [8.5265128291212022e-14, 3.5527136788005009e-15, 7.1054273576010019e-14, 0.99999999999999467]])]),
    uses([
      proof(goal(case(mul_identity_check, matrix_multiply, [[[18, 22, 54, 42], [22, 70, 86, 62], [54, 86, 174, 134], [42, 62, 134, 106]], [[2.515624999999984, 0.4843749999999933, -1.296874999999973, 0.3593749999999767], [0.4843749999999933, 0.1406249999999978, -0.3281249999999918, 0.1406249999999936], [-1.296874999999973, -0.3281249999999918, 1.015624999999971, -0.5781249999999781], [0.3593749999999767, 0.1406249999999936, -0.5781249999999781, 0.5156249999999853]]])), by(fact("matrix.pl", clause(72)))),
      proof(goal(matrix_multiply([[[18, 22, 54, 42], [22, 70, 86, 62], [54, 86, 174, 134], [42, 62, 134, 106]], [[2.515624999999984, 0.4843749999999933, -1.296874999999973, 0.3593749999999767], [0.4843749999999933, 0.1406249999999978, -0.3281249999999918, 0.1406249999999936], [-1.296874999999973, -0.3281249999999918, 1.015624999999971, -0.5781249999999781], [0.3593749999999767, 0.1406249999999936, -0.5781249999999781, 0.5156249999999853]]], [[1.0000000000000497, 5.3290705182007514e-15, 1.7763568394002505e-14, 4.4408920985006262e-15], [5.6843418860808015e-14, 1.0000000000000089, 2.8421709430404007e-14, 1.0658141036401503e-14], [1.7053025658242404e-13, 1.7763568394002505e-14, 1.0000000000000426, 3.907985046680551e-14], [8.5265128291212022e-14, 3.5527136788005009e-15, 7.1054273576010019e-14, 0.99999999999999467]])), by(builtin(matrix_multiply, 2)))
    ])
  )
).

result(sum_small, matrix_sum([[[1, 2], [3, 4], [5, 6]], [[1, 2], [3, 4], [5, 6]]], [[2, 4], [6, 8], [10, 12]])).
why(
  result(sum_small, matrix_sum([[[1, 2], [3, 4], [5, 6]], [[1, 2], [3, 4], [5, 6]]], [[2, 4], [6, 8], [10, 12]])),
  proof(
    goal(result(sum_small, matrix_sum([[[1, 2], [3, 4], [5, 6]], [[1, 2], [3, 4], [5, 6]]], [[2, 4], [6, 8], [10, 12]]))), by(rule("matrix.pl", clause(80))),
    bindings([binding("Case", sum_small), binding("Inputs", [[[1, 2], [3, 4], [5, 6]], [[1, 2], [3, 4], [5, 6]]]), binding("Sum", [[2, 4], [6, 8], [10, 12]])]),
    uses([
      proof(goal(case(sum_small, matrix_sum, [[[1, 2], [3, 4], [5, 6]], [[1, 2], [3, 4], [5, 6]]])), by(fact("matrix.pl", clause(73)))),
      proof(goal(matrix_sum([[[1, 2], [3, 4], [5, 6]], [[1, 2], [3, 4], [5, 6]]], [[2, 4], [6, 8], [10, 12]])), by(builtin(matrix_sum, 2)))
    ])
  )
).

result(chol3, cholesky_decomposition([[25, 15, -5], [15, 18, 0], [-5, 0, 11]], [[5.0, 0, 0], [3.0, 3.0, 0], [-1.0, 1.0, 3.0]])).
why(
  result(chol3, cholesky_decomposition([[25, 15, -5], [15, 18, 0], [-5, 0, 11]], [[5.0, 0, 0], [3.0, 3.0, 0], [-1.0, 1.0, 3.0]])),
  proof(
    goal(result(chol3, cholesky_decomposition([[25, 15, -5], [15, 18, 0], [-5, 0, 11]], [[5.0, 0, 0], [3.0, 3.0, 0], [-1.0, 1.0, 3.0]]))), by(rule("matrix.pl", clause(81))),
    bindings([binding("Case", chol3), binding("Matrix", [[25, 15, -5], [15, 18, 0], [-5, 0, 11]]), binding("L", [[5.0, 0, 0], [3.0, 3.0, 0], [-1.0, 1.0, 3.0]])]),
    uses([
      proof(goal(case(chol3, cholesky_decomposition, [[25, 15, -5], [15, 18, 0], [-5, 0, 11]])), by(fact("matrix.pl", clause(74)))),
      proof(goal(cholesky_decomposition([[25, 15, -5], [15, 18, 0], [-5, 0, 11]], [[5.0, 0, 0], [3.0, 3.0, 0], [-1.0, 1.0, 3.0]])), by(builtin(cholesky_decomposition, 2)))
    ])
  )
).

result(chol4, cholesky_decomposition([[18, 22, 54, 42], [22, 70, 86, 62], [54, 86, 174, 134], [42, 62, 134, 106]], [[4.2426406871192848, 0, 0, 0], [5.1854497287013492, 6.5659052011974026, 0, 0], [12.727922061357857, 3.0460384954008553, 1.6497422479090704, 0], [9.8994949366116654, 1.6245538642137891, 1.8497110052313821, 1.3926212476455924]])).
why(
  result(chol4, cholesky_decomposition([[18, 22, 54, 42], [22, 70, 86, 62], [54, 86, 174, 134], [42, 62, 134, 106]], [[4.2426406871192848, 0, 0, 0], [5.1854497287013492, 6.5659052011974026, 0, 0], [12.727922061357857, 3.0460384954008553, 1.6497422479090704, 0], [9.8994949366116654, 1.6245538642137891, 1.8497110052313821, 1.3926212476455924]])),
  proof(
    goal(result(chol4, cholesky_decomposition([[18, 22, 54, 42], [22, 70, 86, 62], [54, 86, 174, 134], [42, 62, 134, 106]], [[4.2426406871192848, 0, 0, 0], [5.1854497287013492, 6.5659052011974026, 0, 0], [12.727922061357857, 3.0460384954008553, 1.6497422479090704, 0], [9.8994949366116654, 1.6245538642137891, 1.8497110052313821, 1.3926212476455924]]))), by(rule("matrix.pl", clause(81))),
    bindings([binding("Case", chol4), binding("Matrix", [[18, 22, 54, 42], [22, 70, 86, 62], [54, 86, 174, 134], [42, 62, 134, 106]]), binding("L", [[4.2426406871192848, 0, 0, 0], [5.1854497287013492, 6.5659052011974026, 0, 0], [12.727922061357857, 3.0460384954008553, 1.6497422479090704, 0], [9.8994949366116654, 1.6245538642137891, 1.8497110052313821, 1.3926212476455924]])]),
    uses([
      proof(goal(case(chol4, cholesky_decomposition, [[18, 22, 54, 42], [22, 70, 86, 62], [54, 86, 174, 134], [42, 62, 134, 106]])), by(fact("matrix.pl", clause(75)))),
      proof(goal(cholesky_decomposition([[18, 22, 54, 42], [22, 70, 86, 62], [54, 86, 174, 134], [42, 62, 134, 106]], [[4.2426406871192848, 0, 0, 0], [5.1854497287013492, 6.5659052011974026, 0, 0], [12.727922061357857, 3.0460384954008553, 1.6497422479090704, 0], [9.8994949366116654, 1.6245538642137891, 1.8497110052313821, 1.3926212476455924]])), by(builtin(cholesky_decomposition, 2)))
    ])
  )
).

checksConsistentWithTreallaReference(matrix, true).
why(
  checksConsistentWithTreallaReference(matrix, true),
  proof(
    goal(checksConsistentWithTreallaReference(matrix, true)), by(rule("matrix.pl", clause(82))),
    bindings([binding("Det", 4.0)]),
    uses([
      proof(goal(determinant([[2, -1, 0], [-1, 2, -1], [0, -1, 2]], 4.0)), by(builtin(determinant, 2))),
      proof(goal(gt(4.0, 3.9999)), by(builtin(gt, 2))),
      proof(goal(lt(4.0, 4.0001)), by(builtin(lt, 2))),
      proof(goal(matrix_multiply([[[1, 2], [3, 4], [5, 6]], [[1, 1, 1], [1, 1, 1]]], [[3, 3, 3], [7, 7, 7], [11, 11, 11]])), by(builtin(matrix_multiply, 2))),
      proof(goal(matrix_sum([[[1, 2], [3, 4], [5, 6]], [[1, 2], [3, 4], [5, 6]]], [[2, 4], [6, 8], [10, 12]])), by(builtin(matrix_sum, 2))),
      proof(goal(cholesky_decomposition([[25, 15, -5], [15, 18, 0], [-5, 0, 11]], [[5.0, 0, 0], [3.0, 3.0, 0], [-1.0, 1.0, 3.0]])), by(builtin(cholesky_decomposition, 2)))
    ])
  )
).

